null_state_start,1674980053.9400043,null_state
null_state_end,1674980118.0027723,null_state
null_to_cold_process_start,1674980118.022241,null_to_cold_process
null_to_cold_process_end,1674980120.2603514,null_to_cold_process
cold_to_null_process_start,1674980125.2649634,cold_to_null_process
cold_to_null_process_end,1674980126.6546676,cold_to_null_process
warm_disk_state_start,1674980644.2540085,warm_disk_state
warm_disk_state_end,1674980708.1749115,warm_disk_state
warm_disk_to_warm_CPU_process_start,1674980708.1975832,warm_disk_to_warm_CPU_process
warm_disk_to_warm_CPU_process_end,1674980731.0547686,warm_disk_to_warm_CPU_process
warm_CPU_state_start,1674980731.0547712,warm_CPU_state
warm_CPU_state_end,1674980799.1281056,warm_CPU_state
active_state_start,1674980829.185787,active_state
active_state_end,1674980900.8923454,active_state
warm_CPU_to_warm_disk_process_start,1674981030.7968128,warm_CPU_to_warm_disk_process
warm_CPU_to_warm_disk_process_end,1674981062.856297,warm_CPU_to_warm_disk_process
active_to_warm_disk_process_start,1674981082.9005113,active_to_warm_disk_process
active_to_warm_disk_process_end,1674981083.276384,active_to_warm_disk_process
warm_disk_to_cold_start,1674981083.2949512,warm_disk_to_cold
warm_disk_to_cold_end,1674981085.4334712,warm_disk_to_cold
cold_state_start,1674981095.4394653,cold_state
cold_state_end,1674981159.9324815,cold_state
cold_to_warm_disk_start,1674981159.9555194,cold_to_warm_disk
cold_to_warm_disk_end,1674981509.5025883,cold_to_warm_disk
